{
  "version": {
    "workflow": 1,
    "nipype": "1.8.6"
  },
  "meta": {
    "pipeline_name": "pipeline_analysis",
    "stage": "pre",
    "time": "2024-01-02T12:06:55.699414-05:00"
  },
  "workflow": {
    "name": "cpac_sub-NDARINV2VY7YYNW_ses-baselineYear1Arm1",
    "type": "workflow",
    "inputs": {
      "func_ingress_sub-NDARINV2VY7YYNW_ses-baselineYear1Arm1": "{'inputnode': {'creds_path': None, 'dl_dir': '/ocean/projects/med220004p/rupprech/ecpac_runs/all_test/rodent/sub-NDARINV2VY7YYNW/output/working/pipeline_analysis', 'scan': '[Undefined]', 'subject': 'sub-NDARINV2VY7YYNW'}, 'check_func_scan': {'func_scan_dct': {'rest_run-01': {'scan': '/ocean/projects/med220004p/rupprech/abcd-onesubject/sub-NDARINV2VY7YYNW/ses-baselineYear1Arm1/func/sub-NDARINV2VY7YYNW_ses-baselineYear1Arm1_task-rest_run-01_bold.nii', 'scan_parameters': {'EchoTime': 0.03, 'FlipAngle': 52.0, 'RepetitionTime': 0.8, 'TaskName': \"b'rest'\", 'registration_matrix_T1': [[0.9975787311026656, -0.00039385853349085584, -0.06954388950109636, 2.5427616230733006], [-0.005554781604944987, 0.9963377512970775, -0.08532388155944741, -17.617207609820525], [0.0693228069207997, 0.08550358112452774, 0.9939233286777647, 9.429133818673339], [0.0, 0.0, 0.0, 1.0]]}}, 'rest_run-02': {'scan': '/ocean/projects/med220004p/rupprech/abcd-onesubject/sub-NDARINV2VY7YYNW/ses-baselineYear1Arm1/func/sub-NDARINV2VY7YYNW_ses-baselineYear1Arm1_task-rest_run-02_bold.nii', 'scan_parameters': {'EchoTime': 0.03, 'FlipAngle': 52.0, 'RepetitionTime': 0.8, 'TaskName': \"b'rest'\", 'registration_matrix_T1': [[0.9975787311026656, -0.00039385853349085584, -0.06954388950109636, 2.5427616230733006], [-0.005554781604944987, 0.9963377512970775, -0.08532388155944741, -17.617207609820525], [0.0693228069207997, 0.08550358112452774, 0.9939233286777647, 9.429133818673339], [0.0, 0.0, 0.0, 1.0]]}}, 'rest_run-03': {'scan': '/ocean/projects/med220004p/rupprech/abcd-onesubject/sub-NDARINV2VY7YYNW/ses-baselineYear1Arm1/func/sub-NDARINV2VY7YYNW_ses-baselineYear1Arm1_task-rest_run-03_bold.nii', 'scan_parameters': {'EchoTime': 0.03, 'FlipAngle': 52.0, 'RepetitionTime': 0.8, 'TaskName': \"b'rest'\", 'registration_matrix_T1': [[0.9975787311026656, -0.00039385853349085584, -0.06954388950109636, 2.5427616230733006], [-0.005554781604944987, 0.9963377512970775, -0.08532388155944741, -17.617207609820525], [0.0693228069207997, 0.08550358112452774, 0.9939233286777647, 9.429133818673339], [0.0, 0.0, 0.0, 1.0]]}}, 'rest_run-04': {'scan': '/ocean/projects/med220004p/rupprech/abcd-onesubject/sub-NDARINV2VY7YYNW/ses-baselineYear1Arm1/func/sub-NDARINV2VY7YYNW_ses-baselineYear1Arm1_task-rest_run-04_bold.nii', 'scan_parameters': {'EchoTime': 0.03, 'FlipAngle': 52.0, 'RepetitionTime': 0.8, 'TaskName': \"b'rest'\", 'registration_matrix_T1': [[0.9975787311026656, -0.00039385853349085584, -0.06954388950109636, 2.5427616230733006], [-0.005554781604944987, 0.9963377512970775, -0.08532388155944741, -17.617207609820525], [0.0693228069207997, 0.08550358112452774, 0.9939233286777647, 9.429133818673339], [0.0, 0.0, 0.0, 1.0]]}}}, 'function_str': 'CPAC.utils.datasource.check_func_scan'}, 'selectrest': {'function_str': 'CPAC.utils.datasource.get_rest', 'resource': 'scan', 'rest_dict': {'rest_run-01': {'scan': '/ocean/projects/med220004p/rupprech/abcd-onesubject/sub-NDARINV2VY7YYNW/ses-baselineYear1Arm1/func/sub-NDARINV2VY7YYNW_ses-baselineYear1Arm1_task-rest_run-01_bold.nii', 'scan_parameters': {'EchoTime': 0.03, 'FlipAngle': 52.0, 'RepetitionTime': 0.8, 'TaskName': \"b'rest'\", 'registration_matrix_T1': [[0.9975787311026656, -0.00039385853349085584, -0.06954388950109636, 2.5427616230733006], [-0.005554781604944987, 0.9963377512970775, -0.08532388155944741, -17.617207609820525], [0.0693228069207997, 0.08550358112452774, 0.9939233286777647, 9.429133818673339], [0.0, 0.0, 0.0, 1.0]]}}, 'rest_run-02': {'scan': '/ocean/projects/med220004p/rupprech/abcd-onesubject/sub-NDARINV2VY7YYNW/ses-baselineYear1Arm1/func/sub-NDARINV2VY7YYNW_ses-baselineYear1Arm1_task-rest_run-02_bold.nii', 'scan_parameters': {'EchoTime': 0.03, 'FlipAngle': 52.0, 'RepetitionTime': 0.8, 'TaskName': \"b'rest'\", 'registration_matrix_T1': [[0.9975787311026656, -0.00039385853349085584, -0.06954388950109636, 2.5427616230733006], [-0.005554781604944987, 0.9963377512970775, -0.08532388155944741, -17.617207609820525], [0.0693228069207997, 0.08550358112452774, 0.9939233286777647, 9.429133818673339], [0.0, 0.0, 0.0, 1.0]]}}, 'rest_run-03': {'scan': '/ocean/projects/med220004p/rupprech/abcd-onesubject/sub-NDARINV2VY7YYNW/ses-baselineYear1Arm1/func/sub-NDARINV2VY7YYNW_ses-baselineYear1Arm1_task-rest_run-03_bold.nii', 'scan_parameters': {'EchoTime': 0.03, 'FlipAngle': 52.0, 'RepetitionTime': 0.8, 'TaskName': \"b'rest'\", 'registration_matrix_T1': [[0.9975787311026656, -0.00039385853349085584, -0.06954388950109636, 2.5427616230733006], [-0.005554781604944987, 0.9963377512970775, -0.08532388155944741, -17.617207609820525], [0.0693228069207997, 0.08550358112452774, 0.9939233286777647, 9.429133818673339], [0.0, 0.0, 0.0, 1.0]]}}, 'rest_run-04': {'scan': '/ocean/projects/med220004p/rupprech/abcd-onesubject/sub-NDARINV2VY7YYNW/ses-baselineYear1Arm1/func/sub-NDARINV2VY7YYNW_ses-baselineYear1Arm1_task-rest_run-04_bold.nii', 'scan_parameters': {'EchoTime': 0.03, 'FlipAngle': 52.0, 'RepetitionTime': 0.8, 'TaskName': \"b'rest'\", 'registration_matrix_T1': [[0.9975787311026656, -0.00039385853349085584, -0.06954388950109636, 2.5427616230733006], [-0.005554781604944987, 0.9963377512970775, -0.08532388155944741, -17.617207609820525], [0.0693228069207997, 0.08550358112452774, 0.9939233286777647, 9.429133818673339], [0.0, 0.0, 0.0, 1.0]]}}}}, 'check_for_s3': {'function_str': 'CPAC.utils.datasource.check_for_s3', 'img_type': 'func'}, 'outputspec': {'magnitude': '[Undefined]', 'phase_diff': '[Undefined]'}, 'select_scan_params': {'function_str': 'CPAC.utils.datasource.get_rest', 'resource': 'scan_parameters', 'rest_dict': {'rest_run-01': {'scan': '/ocean/projects/med220004p/rupprech/abcd-onesubject/sub-NDARINV2VY7YYNW/ses-baselineYear1Arm1/func/sub-NDARINV2VY7YYNW_ses-baselineYear1Arm1_task-rest_run-01_bold.nii', 'scan_parameters': {'EchoTime': 0.03, 'FlipAngle': 52.0, 'RepetitionTime': 0.8, 'TaskName': \"b'rest'\", 'registration_matrix_T1': [[0.9975787311026656, -0.00039385853349085584, -0.06954388950109636, 2.5427616230733006], [-0.005554781604944987, 0.9963377512970775, -0.08532388155944741, -17.617207609820525], [0.0693228069207997, 0.08550358112452774, 0.9939233286777647, 9.429133818673339], [0.0, 0.0, 0.0, 1.0]]}}, 'rest_run-02': {'scan': '/ocean/projects/med220004p/rupprech/abcd-onesubject/sub-NDARINV2VY7YYNW/ses-baselineYear1Arm1/func/sub-NDARINV2VY7YYNW_ses-baselineYear1Arm1_task-rest_run-02_bold.nii', 'scan_parameters': {'EchoTime': 0.03, 'FlipAngle': 52.0, 'RepetitionTime': 0.8, 'TaskName': \"b'rest'\", 'registration_matrix_T1': [[0.9975787311026656, -0.00039385853349085584, -0.06954388950109636, 2.5427616230733006], [-0.005554781604944987, 0.9963377512970775, -0.08532388155944741, -17.617207609820525], [0.0693228069207997, 0.08550358112452774, 0.9939233286777647, 9.429133818673339], [0.0, 0.0, 0.0, 1.0]]}}, 'rest_run-03': {'scan': '/ocean/projects/med220004p/rupprech/abcd-onesubject/sub-NDARINV2VY7YYNW/ses-baselineYear1Arm1/func/sub-NDARINV2VY7YYNW_ses-baselineYear1Arm1_task-rest_run-03_bold.nii', 'scan_parameters': {'EchoTime': 0.03, 'FlipAngle': 52.0, 'RepetitionTime': 0.8, 'TaskName': \"b'rest'\", 'registration_matrix_T1': [[0.9975787311026656, -0.00039385853349085584, -0.06954388950109636, 2.5427616230733006], [-0.005554781604944987, 0.9963377512970775, -0.08532388155944741, -17.617207609820525], [0.0693228069207997, 0.08550358112452774, 0.9939233286777647, 9.429133818673339], [0.0, 0.0, 0.0, 1.0]]}}, 'rest_run-04': {'scan': '/ocean/projects/med220004p/rupprech/abcd-onesubject/sub-NDARINV2VY7YYNW/ses-baselineYear1Arm1/func/sub-NDARINV2VY7YYNW_ses-baselineYear1Arm1_task-rest_run-04_bold.nii', 'scan_parameters': {'EchoTime': 0.03, 'FlipAngle': 52.0, 'RepetitionTime': 0.8, 'TaskName': \"b'rest'\", 'registration_matrix_T1': [[0.9975787311026656, -0.00039385853349085584, -0.06954388950109636, 2.5427616230733006], [-0.005554781604944987, 0.9963377512970775, -0.08532388155944741, -17.617207609820525], [0.0693228069207997, 0.08550358112452774, 0.9939233286777647, 9.429133818673339], [0.0, 0.0, 0.0, 1.0]]}}}}, 's3_scan_params': {'function_str': 'CPAC.utils.datasource.check_for_s3', 'img_type': '[Undefined]'}}",
      "bold_scan_params_sub-NDARINV2VY7YYNW_ses-baselineYear1Arm1": "{'function_str': 'def get_scan_params(subject_id, scan, pipeconfig_start_indx,\\n                    pipeconfig_stop_indx, data_config_scan_params=None):\\n    \"\"\"\\n    Method to extract slice timing correction parameters\\n    and scan parameters.\\n\\n    Parameters\\n    ----------\\n    subject_id : str\\n        subject id\\n    scan : str\\n        scan id\\n    pipeconfig_start_indx : int\\n        starting volume index as provided in the pipeline config yaml file\\n    pipeconfig_stop_indx : int\\n        ending volume index as provided in the pipeline config yaml file\\n    data_config_scan_params : str\\n        file path to scan parameter JSON file listed in data config yaml file\\n\\n    Returns\\n    -------\\n    TR : a string\\n        TR value\\n    pattern : a string\\n        slice aquisition pattern string or file path\\n    ref_slice : an integer\\n        reference slice which is used to allign all other slices\\n    first_tr : an integer\\n        starting TR or starting volume index\\n    last_tr : an integer\\n        ending TR or ending volume index\\n    pe_direction : str\\n    effective_echo_spacing : float\\n    \"\"\"\\n\\n    import os\\n    import json\\n    import warnings\\n\\n    check2 = lambda val: val if val == None or val == \\'\\' or \\\\\\n                                isinstance(val, str) else int(val)\\n\\n    # initialize vars to empty\\n    TR = \\'\\'\\n    TE = None\\n    pattern = \\'\\'\\n    ref_slice = \\'\\'\\n    first_tr = \\'\\'\\n    last_tr = \\'\\'\\n    unit = \\'s\\'\\n    pe_direction = \\'\\'\\n    effective_echo_spacing = None\\n    template = None\\n\\n    if isinstance(pipeconfig_stop_indx, str):\\n        if \"End\" in pipeconfig_stop_indx or \"end\" in pipeconfig_stop_indx:\\n            pipeconfig_stop_indx = None\\n    if data_config_scan_params:\\n        if \".json\" in data_config_scan_params:\\n            if not os.path.exists(data_config_scan_params):\\n                err = \"\\\\n[!] WARNING: Scan parameters JSON file listed in \" \\\\\\n                      \"your data configuration file does not exist:\\\\n{0}\" \\\\\\n                      \"\\\\n\\\\n\".format(data_config_scan_params)\\n                raise Exception(err)\\n\\n            with open(data_config_scan_params, \"r\") as f:\\n                params_dct = json.load(f)\\n\\n            # get details from the configuration\\n            # if this is a JSON file, the key values are the BIDS format\\n            # standard\\n            # TODO: better handling of errant key values!!!\\n            if \"RepetitionTime\" in params_dct.keys():\\n                TR = float(check(params_dct, subject_id, scan,\\n                                 \"RepetitionTime\", False))\\n            if \"SliceTiming\" in params_dct.keys():\\n                pattern = str(check(params_dct, subject_id, scan,\\n                                    \"SliceTiming\", False))\\n            elif \"SliceAcquisitionOrder\" in params_dct.keys():\\n                pattern = str(check(params_dct, subject_id, scan,\\n                                    \"SliceAcquisitionOrder\", False))\\n            if \"PhaseEncodingDirection\" in params_dct.keys():\\n                pe_direction = str(check(params_dct, subject_id, scan,\\n                                         \"PhaseEncodingDirection\", False))\\n            try:\\n                \"EffectiveEchoSpacing\" in params_dct.keys()\\n                effective_echo_spacing = float(\\n                        check(params_dct, subject_id, scan,\\n                            \"EffectiveEchoSpacing\", False))\\n            except TypeError:\\n                pass\\n\\n        elif len(data_config_scan_params) > 0 and \\\\\\n                isinstance(data_config_scan_params, dict):\\n\\n            params_dct = data_config_scan_params\\n\\n            # TODO: better handling of errant key values!!!\\n            # TODO: use schema validator to deal with it\\n            # get details from the configuration\\n            try: \\n                TR = float(\\n                    try_fetch_parameter(\\n                        params_dct,\\n                        subject_id,\\n                        scan,\\n                        [\\'TR\\', \\'RepetitionTime\\']\\n                    )\\n                )\\n            except TypeError:\\n                TR = None\\n\\n            try: \\n                template = str(\\n                    try_fetch_parameter(\\n                        params_dct,\\n                        subject_id,\\n                        scan,\\n                        [\\'Template\\', \\'template\\']\\n                    )\\n                )\\n            except TypeError:\\n                template = None\\n\\n            pattern = str(\\n                try_fetch_parameter(\\n                    params_dct,\\n                    subject_id,\\n                    scan,\\n                    [\\'acquisition\\', \\'SliceTiming\\', \\'SliceAcquisitionOrder\\']\\n                )\\n            )\\n\\n            ref_slice = check(params_dct, subject_id, scan, \\'reference\\',\\n                              False)\\n            if ref_slice:\\n                ref_slice = int(ref_slice)\\n\\n            first_tr = check(params_dct, subject_id, scan, \\'first_TR\\', False)\\n            if first_tr:\\n                first_tr = check2(first_tr)\\n\\n            last_tr = check(params_dct, subject_id, scan, \\'last_TR\\', False)\\n            if last_tr:\\n                last_tr = check2(last_tr)\\n\\n            pe_direction = check(params_dct, subject_id, scan,\\n                                 \\'PhaseEncodingDirection\\', False)\\n            try:\\n                effective_echo_spacing = float(\\n                try_fetch_parameter(params_dct, subject_id, scan,\\n                                    [\"EffectiveEchoSpacing\"]))\\n            except TypeError:\\n                pass\\n\\n        else:\\n            err = \"\\\\n\\\\n[!] Could not read the format of the scan parameters \" \\\\\\n                  \"information included in the data configuration file for \" \\\\\\n                  f\"the participant {subject_id}.\\\\n\\\\n\"\\n            raise Exception(err)\\n    if first_tr == \\'\\' or first_tr is None:\\n        first_tr = pipeconfig_start_indx\\n\\n    if last_tr == \\'\\' or last_tr is None:\\n        last_tr = pipeconfig_stop_indx\\n\\n    unit = \\'s\\'\\n\\n    if \\'None\\' in pattern or \\'none\\' in pattern:\\n        pattern = None\\n\\n    \\'\\'\\'\\n    if not pattern:\\n        if pipeconfig_tpattern:\\n            if \"Use NIFTI Header\" in pipeconfig_tpattern:\\n                pattern = \\'\\'\\n            else:\\n                pattern = pipeconfig_tpattern\\n    \\'\\'\\'\\n\\n    # pattern can be one of a few keywords, a filename, or blank which\\n    # indicates that the images header information should be used\\n    tpattern_file = None\\n\\n    valid_patterns = [\\'alt+z\\', \\'altplus\\', \\'alt+z2\\', \\'alt-z\\', \\'altminus\\',\\n                      \\'alt-z2\\', \\'seq+z\\', \\'seqplus\\', \\'seq-z\\', \\'seqminus\\']\\n    if pattern and pattern != \\'\\' and pattern not in valid_patterns:\\n\\n        if isinstance(pattern, list) or \\\\\\n                (\"[\" in pattern and \"]\" in pattern and \",\" in pattern):\\n            # if we got the slice timing as a list, from a BIDS-format scan\\n            # parameters JSON file\\n\\n            if not isinstance(pattern, list):\\n                pattern = pattern.replace(\"[\", \"\").replace(\"]\", \"\").split(\",\")\\n\\n            slice_timings = [float(x) for x in pattern]\\n\\n            # write out a tpattern file for AFNI 3dTShift\\n            tpattern_file = os.path.join(os.getcwd(), \"tpattern.txt\")\\n            try:\\n                with open(tpattern_file, \"wt\") as f:\\n                    for time in slice_timings:\\n                        f.write(\"{0}\\\\n\".format(time).replace(\" \", \"\"))\\n            except:\\n                err = \"\\\\n[!] Could not write the slice timing file meant as \" \\\\\\n                      \"an input for AFNI 3dTshift (slice timing correction):\" \\\\\\n                      \"\\\\n{0}\\\\n\\\\n\".format(tpattern_file)\\n                raise Exception(err)\\n\\n        elif \".txt\" in pattern and not os.path.exists(pattern):\\n            # if the user provided an acquisition pattern text file for\\n            # 3dTshift\\n            raise Exception(\"Invalid Pattern file path {0}, Please provide \"\\n                            \"the correct path\".format(pattern))\\n        elif \".txt\" in pattern:\\n            with open(pattern, \"r\") as f:\\n                lines = f.readlines()\\n            if len(lines) < 2:\\n                raise Exception(\\'Invalid slice timing file format. The file \\'\\n                                \\'should contain only one value per row. Use \\'\\n                                \\'new line char as delimiter\\')\\n            tpattern_file = pattern\\n            slice_timings = [float(l.rstrip(\\'\\\\r\\\\n\\')) for l in lines]\\n        else:\\n            # this only happens if there is a non-path string set in the data\\n            # config dictionary for acquisition pattern (like \"alt+z\"), except\\n            # the pattern is not listed in that list\\n            err = \"\\\\n[!] The slice timing acquisition pattern provided is \" \\\\\\n                  \"not supported by AFNI 3dTshift:\\\\n\" \\\\\\n                  \"{0}\\\\n\".format(str(pattern))\\n            raise Exception(err)\\n\\n        pattern = tpattern_file\\n\\n        slice_timings.sort()\\n        max_slice_offset = slice_timings[-1]\\n\\n        # checking if the unit of TR and slice timing match or not\\n        # if slice timing in ms convert TR to ms as well\\n        if TR and max_slice_offset > TR:\\n            warnings.warn(\"TR is in seconds and slice timings are in \"\\n                          \"milliseconds. Converting TR into milliseconds\")\\n            TR = TR * 1000\\n            print(\"New TR value {0} ms\".format(TR))\\n            unit = \\'ms\\'\\n\\n    else:\\n        # check to see, if TR is in milliseconds, convert it into seconds\\n        if TR and TR > 10:\\n            warnings.warn(\\'TR is in milliseconds, Converting it into seconds\\')\\n            TR = TR / 1000.0\\n            print(\"New TR value {0} s\".format(TR))\\n            unit = \\'s\\'\\n\\n    # swap back in\\n    if TR:\\n        tr = \"{0}{1}\".format(str(TR), unit)\\n    else:\\n        tr = \"\"\\n\\n    tpattern = pattern\\n    start_indx = first_tr\\n    stop_indx = last_tr\\n\\n    return (tr if tr else None,\\n            tpattern if tpattern else None,\\n            template if template else None,\\n            ref_slice,\\n            start_indx,\\n            stop_indx,\\n            pe_direction,\\n            effective_echo_spacing)\\n', 'pipeconfig_start_indx': 0, 'pipeconfig_stop_indx': None, 'pipeconfig_tpattern': '[Undefined]', 'pipeconfig_tr': '[Undefined]', 'subject_id': 'sub-NDARINV2VY7YYNW'}",
      "func_deoblique_2": "{'args': '[Undefined]', 'atrcopy': '[Undefined]', 'atrfloat': '[Undefined]', 'atrint': '[Undefined]', 'atrstring': '[Undefined]', 'deoblique': True, 'duporigin_file': '[Undefined]', 'environ': {}, 'nosaveatr': '[Undefined]', 'saveatr': '[Undefined]', 'space': '[Undefined]', 'xdel': '[Undefined]', 'xorigin': '[Undefined]', 'xyzscale': '[Undefined]', 'ydel': '[Undefined]', 'yorigin': '[Undefined]', 'zdel': '[Undefined]', 'zorigin': '[Undefined]'}",
      "func_reorient_2": "{'args': '[Undefined]', 'environ': {}, 'master': '[Undefined]', 'num_threads': 1, 'orientation': 'RPI', 'out_file': '[Undefined]', 'outputtype': 'NIFTI_GZ', 'resample_mode': '[Undefined]', 'voxel_size': '[Undefined]'}",
      "edit_func_44": "{'inputspec': {'func': '[Undefined]', 'start_idx': 0, 'stop_idx': None}, 'func_get_idx': {'function_str': 'def get_idx(in_files, stop_idx=None, start_idx=None):\\n    \"\"\"\\n    Method to get the first and the last slice for\\n    the functional run. It verifies the user specified\\n    first and last slice. If the values are not valid, it\\n    calculates and returns the very first and the last slice\\n\\n    Parameters\\n    ----------\\n    in_file : str (nifti file)\\n       Path to input functional run\\n\\n    stop_idx : int\\n        Last volume to be considered, specified by user\\n        in the configuration file\\n\\n    stop_idx : int\\n        First volume to be considered, specified by user\\n        in the configuration file\\n\\n    Returns\\n    -------\\n    stop_idx :  int\\n        Value of first slice to consider for the functional run\\n\\n    start_idx : int\\n        Value of last slice to consider for the functional run\\n\\n    \"\"\"\\n\\n    # Import packages\\n    from nibabel import load\\n\\n    # Init variables\\n    img = load(in_files)\\n    hdr = img.header\\n    shape = hdr.get_data_shape()\\n\\n    # Check to make sure the input file is 4-dimensional\\n    if len(shape) != 4:\\n        raise TypeError(\\'Input nifti file: %s is not a 4D file\\' % in_files)\\n    # Grab the number of volumes\\n    nvols = int(hdr.get_data_shape()[3])\\n\\n    if (start_idx == None) or (int(start_idx) < 0) or (\\n        int(start_idx) > (nvols - 1)):\\n        startidx = 0\\n    else:\\n        startidx = int(start_idx)\\n\\n    if (stop_idx in [None, \"End\"]) or (int(stop_idx) > (nvols - 1)):\\n        stopidx = nvols - 1\\n    else:\\n        stopidx = int(stop_idx)\\n\\n    return stopidx, startidx\\n'}, 'func_drop_trs': {'args': '[Undefined]', 'environ': {}, 'expr': 'a', 'in_file_b': '[Undefined]', 'in_file_c': '[Undefined]', 'num_threads': 1, 'other': '[Undefined]', 'out_file': '[Undefined]', 'outputtype': 'NIFTI_GZ', 'overwrite': '[Undefined]', 'single_idx': '[Undefined]'}, 'outputspec': {}}",
      "func_mean_46": "{'args': '[Undefined]', 'environ': {}, 'mask': '[Undefined]', 'num_threads': 1, 'options': '-mean', 'out_file': '[Undefined]', 'outputtype': 'NIFTI_GZ'}",
      "func_get_mean_RPI_48": "{'args': '[Undefined]', 'environ': {}, 'mask': '[Undefined]', 'num_threads': 1, 'options': '-mean', 'out_file': '[Undefined]', 'outputtype': 'NIFTI_GZ'}",
      "func_motion_correct_mcflirt_51": "{'args': '[Undefined]', 'bins': '[Undefined]', 'cost': '[Undefined]', 'dof': '[Undefined]', 'environ': {'FSLOUTPUTTYPE': 'NIFTI_GZ'}, 'init': '[Undefined]', 'interpolation': '[Undefined]', 'mean_vol': '[Undefined]', 'out_file': '[Undefined]', 'output_type': 'NIFTI_GZ', 'ref_vol': '[Undefined]', 'rotation': '[Undefined]', 'save_mats': True, 'save_plots': True, 'save_rms': True, 'scaling': '[Undefined]', 'smooth': '[Undefined]', 'stages': '[Undefined]', 'stats_imgs': '[Undefined]', 'use_contour': '[Undefined]', 'use_gradient': '[Undefined]'}",
      "norm_motion_params_51": "{'function_str': 'def normalize_motion_parameters(in_file):\\n    \"\"\"Convert FSL mcflirt motion parameters to AFNI space\"\"\"\\n    import os\\n    import numpy as np\\n\\n    motion_params = np.genfromtxt(in_file).T\\n    motion_params = np.vstack((motion_params[2, :] * 180 / np.pi,\\n                               motion_params[0, :] * 180 / np.pi,\\n                               -motion_params[1, :] * 180 / np.pi,\\n                               motion_params[5, :],\\n                               motion_params[3, :],\\n                               -motion_params[4, :]))\\n    motion_params = np.transpose(motion_params)\\n\\n    out_file = os.path.join(os.getcwd(), \\'motion_params.tsv\\')\\n    np.savetxt(out_file, motion_params)\\n\\n    return out_file\\n'}",
      "get_mcflirt_rms_abs_51": "{'function_str': \"def get_mcflirt_rms_abs(rms_files):\\n    for path in rms_files:\\n        if 'abs.rms' in path:\\n            abs_file = path\\n        if 'rel.rms' in path:\\n            rels_file = path\\n    return abs_file, rels_file\\n\"}",
      "BET_options_53": "{'frac': 0.3, 'mesh_boolean': False, 'outline': False, 'padding': False, 'radius': 50, 'reduce_bias': False, 'remove_eyes': False, 'robust': True, 'skull': False, 'surfaces': False, 'threshold': False, 'vertical_gradient': 0.0}",
      "func_get_brain_mask_BET_53": "{'args': '[Undefined]', 'center': '[Undefined]', 'environ': {'FSLOUTPUTTYPE': 'NIFTI_GZ'}, 'functional': '[Undefined]', 'mask': True, 'no_output': '[Undefined]', 'out_file': '[Undefined]', 'output_type': 'NIFTI_GZ', 't2_guided': '[Undefined]'}",
      "func_mean_skull_53": "{'args': '[Undefined]', 'environ': {}, 'mask': '[Undefined]', 'num_threads': 1, 'options': '-mean', 'out_file': '[Undefined]', 'outputtype': 'NIFTI_GZ'}",
      "func_mean_skull_thr_value_53": "{'args': '[Undefined]', 'environ': {'FSLOUTPUTTYPE': 'NIFTI_GZ'}, 'index_mask_file': '[Undefined]', 'mask_file': '[Undefined]', 'op_string': '-p 98.000000 ', 'output_type': 'NIFTI_GZ', 'split_4d': '[Undefined]'}",
      "form_thr_string_53": "{'function_str': \"def form_thr_string(thr):\\n    threshold_z = str(float(thr/10))\\n    return '-thr %s' % (threshold_z)\\n\"}",
      "func_mean_skull_thr_53": "{'args': '[Undefined]', 'environ': {'FSLOUTPUTTYPE': 'NIFTI_GZ'}, 'in_file2': '[Undefined]', 'mask_file': '[Undefined]', 'out_data_type': '[Undefined]', 'out_file': '[Undefined]', 'output_type': 'NIFTI_GZ', 'suffix': '[Undefined]'}",
      "func_mean_skull_fast_53": "{'args': '[Undefined]', 'bias_iters': '[Undefined]', 'bias_lowpass': '[Undefined]', 'environ': {'FSLOUTPUTTYPE': 'NIFTI_GZ'}, 'hyper': '[Undefined]', 'img_type': '[Undefined]', 'init_seg_smooth': '[Undefined]', 'init_transform': '[Undefined]', 'iters_afterbias': '[Undefined]', 'manual_seg': '[Undefined]', 'mixel_smooth': '[Undefined]', 'no_bias': '[Undefined]', 'no_pve': True, 'number_classes': '[Undefined]', 'other_priors': '[Undefined]', 'out_basename': '[Undefined]', 'output_biascorrected': True, 'output_biasfield': '[Undefined]', 'output_type': 'NIFTI_GZ', 'probability_maps': '[Undefined]', 'segment_iters': '[Undefined]', 'segments': '[Undefined]', 'use_priors': '[Undefined]', 'verbose': '[Undefined]'}",
      "erode_one_voxel_53": "{'args': '[Undefined]', 'environ': {'FSLOUTPUTTYPE': 'NIFTI_GZ'}, 'internal_datatype': '[Undefined]', 'kernel_file': '[Undefined]', 'kernel_shape': 'box', 'kernel_size': 1.0, 'minimum_filter': False, 'nan2zeros': '[Undefined]', 'out_file': '[Undefined]', 'output_datatype': '[Undefined]', 'output_type': 'NIFTI_GZ'}",
      "func_extract_brain_61": "{'args': '[Undefined]', 'environ': {}, 'expr': 'a*b', 'in_file_c': '[Undefined]', 'num_threads': 1, 'other': '[Undefined]', 'out_file': '[Undefined]', 'outputtype': 'NIFTI_GZ', 'overwrite': '[Undefined]', 'single_idx': '[Undefined]', 'start_idx': '[Undefined]', 'stop_idx': '[Undefined]'}",
      "gen_motion_stats_65": "{'inputspec': {'mask': '[Undefined]', 'max_displacement': '[Undefined]', 'motion_correct': '[Undefined]', 'movement_parameters': '[Undefined]', 'rels_displacement': '[Undefined]', 'transformations': '[Undefined]'}, 'cal_DVARS': {'args': '[Undefined]', 'environ': {}, 'method': 'dvars', 'num_threads': 1, 'out_file': '[Undefined]', 'outputtype': 'AFNI'}, 'cal_DVARS_strip': {'function_str': 'CPAC.generate_motion_statistics.generate_motion_statistics.DVARS_strip_t0'}, 'outputspec': {}, 'calculate_FD': {'function_str': 'CPAC.generate_motion_statistics.generate_motion_statistics.calculate_FD_P'}, 'calculate_FDJ': {'calc_from': 'rms', 'center': '[Undefined]', 'function_str': 'CPAC.generate_motion_statistics.generate_motion_statistics.calculate_FD_J'}, 'get_all_motion_parameters': {'function_str': 'CPAC.generate_motion_statistics.generate_motion_statistics.get_allmotion'}, 'calc_motion_parameters': {'function_str': 'CPAC.generate_motion_statistics.generate_motion_statistics.gen_motion_parameters', 'motion_correct_tool': 'mcflirt'}, 'calc_power_parameters': {'fdj': '[Undefined]', 'function_str': 'CPAC.generate_motion_statistics.generate_motion_statistics.gen_power_parameters', 'motion_correct_tool': 'mcflirt'}}",
      "func_normalize_63": "{'args': '[Undefined]', 'environ': {'FSLOUTPUTTYPE': 'NIFTI_GZ'}, 'in_file2': '[Undefined]', 'mask_file': '[Undefined]', 'op_string': '-ing 10000', 'out_data_type': 'float', 'out_file': '[Undefined]', 'output_type': 'NIFTI_GZ', 'suffix': '[Undefined]'}",
