{
  "version": {
    "workflow": 1,
    "nipype": "1.8.6"
  },
  "meta": {
    "pipeline_name": "pipeline_cpac_fmriprep-options",
    "stage": "pre",
    "time": "2024-01-02T12:06:56.293466-05:00"
  },
  "workflow": {
    "name": "cpac_sub-NDARINV2VY7YYNW_ses-baselineYear1Arm1",
    "type": "workflow",
    "inputs": {
      "func_ingress_sub-NDARINV2VY7YYNW_ses-baselineYear1Arm1": "{'inputnode': {'creds_path': None, 'dl_dir': '/ocean/projects/med220004p/rupprech/ecpac_runs/all_test/fmriprep-options/sub-NDARINV2VY7YYNW/output/working/pipeline_cpac_fmriprep-options', 'scan': '[Undefined]', 'subject': 'sub-NDARINV2VY7YYNW'}, 'check_func_scan': {'func_scan_dct': {'rest_run-01': {'scan': '/ocean/projects/med220004p/rupprech/abcd-onesubject/sub-NDARINV2VY7YYNW/ses-baselineYear1Arm1/func/sub-NDARINV2VY7YYNW_ses-baselineYear1Arm1_task-rest_run-01_bold.nii', 'scan_parameters': {'EchoTime': 0.03, 'FlipAngle': 52.0, 'RepetitionTime': 0.8, 'TaskName': \"b'rest'\", 'registration_matrix_T1': [[0.9975787311026656, -0.00039385853349085584, -0.06954388950109636, 2.5427616230733006], [-0.005554781604944987, 0.9963377512970775, -0.08532388155944741, -17.617207609820525], [0.0693228069207997, 0.08550358112452774, 0.9939233286777647, 9.429133818673339], [0.0, 0.0, 0.0, 1.0]]}}, 'rest_run-02': {'scan': '/ocean/projects/med220004p/rupprech/abcd-onesubject/sub-NDARINV2VY7YYNW/ses-baselineYear1Arm1/func/sub-NDARINV2VY7YYNW_ses-baselineYear1Arm1_task-rest_run-02_bold.nii', 'scan_parameters': {'EchoTime': 0.03, 'FlipAngle': 52.0, 'RepetitionTime': 0.8, 'TaskName': \"b'rest'\", 'registration_matrix_T1': [[0.9975787311026656, -0.00039385853349085584, -0.06954388950109636, 2.5427616230733006], [-0.005554781604944987, 0.9963377512970775, -0.08532388155944741, -17.617207609820525], [0.0693228069207997, 0.08550358112452774, 0.9939233286777647, 9.429133818673339], [0.0, 0.0, 0.0, 1.0]]}}, 'rest_run-03': {'scan': '/ocean/projects/med220004p/rupprech/abcd-onesubject/sub-NDARINV2VY7YYNW/ses-baselineYear1Arm1/func/sub-NDARINV2VY7YYNW_ses-baselineYear1Arm1_task-rest_run-03_bold.nii', 'scan_parameters': {'EchoTime': 0.03, 'FlipAngle': 52.0, 'RepetitionTime': 0.8, 'TaskName': \"b'rest'\", 'registration_matrix_T1': [[0.9975787311026656, -0.00039385853349085584, -0.06954388950109636, 2.5427616230733006], [-0.005554781604944987, 0.9963377512970775, -0.08532388155944741, -17.617207609820525], [0.0693228069207997, 0.08550358112452774, 0.9939233286777647, 9.429133818673339], [0.0, 0.0, 0.0, 1.0]]}}, 'rest_run-04': {'scan': '/ocean/projects/med220004p/rupprech/abcd-onesubject/sub-NDARINV2VY7YYNW/ses-baselineYear1Arm1/func/sub-NDARINV2VY7YYNW_ses-baselineYear1Arm1_task-rest_run-04_bold.nii', 'scan_parameters': {'EchoTime': 0.03, 'FlipAngle': 52.0, 'RepetitionTime': 0.8, 'TaskName': \"b'rest'\", 'registration_matrix_T1': [[0.9975787311026656, -0.00039385853349085584, -0.06954388950109636, 2.5427616230733006], [-0.005554781604944987, 0.9963377512970775, -0.08532388155944741, -17.617207609820525], [0.0693228069207997, 0.08550358112452774, 0.9939233286777647, 9.429133818673339], [0.0, 0.0, 0.0, 1.0]]}}}, 'function_str': 'CPAC.utils.datasource.check_func_scan'}, 'selectrest': {'function_str': 'CPAC.utils.datasource.get_rest', 'resource': 'scan', 'rest_dict': {'rest_run-01': {'scan': '/ocean/projects/med220004p/rupprech/abcd-onesubject/sub-NDARINV2VY7YYNW/ses-baselineYear1Arm1/func/sub-NDARINV2VY7YYNW_ses-baselineYear1Arm1_task-rest_run-01_bold.nii', 'scan_parameters': {'EchoTime': 0.03, 'FlipAngle': 52.0, 'RepetitionTime': 0.8, 'TaskName': \"b'rest'\", 'registration_matrix_T1': [[0.9975787311026656, -0.00039385853349085584, -0.06954388950109636, 2.5427616230733006], [-0.005554781604944987, 0.9963377512970775, -0.08532388155944741, -17.617207609820525], [0.0693228069207997, 0.08550358112452774, 0.9939233286777647, 9.429133818673339], [0.0, 0.0, 0.0, 1.0]]}}, 'rest_run-02': {'scan': '/ocean/projects/med220004p/rupprech/abcd-onesubject/sub-NDARINV2VY7YYNW/ses-baselineYear1Arm1/func/sub-NDARINV2VY7YYNW_ses-baselineYear1Arm1_task-rest_run-02_bold.nii', 'scan_parameters': {'EchoTime': 0.03, 'FlipAngle': 52.0, 'RepetitionTime': 0.8, 'TaskName': \"b'rest'\", 'registration_matrix_T1': [[0.9975787311026656, -0.00039385853349085584, -0.06954388950109636, 2.5427616230733006], [-0.005554781604944987, 0.9963377512970775, -0.08532388155944741, -17.617207609820525], [0.0693228069207997, 0.08550358112452774, 0.9939233286777647, 9.429133818673339], [0.0, 0.0, 0.0, 1.0]]}}, 'rest_run-03': {'scan': '/ocean/projects/med220004p/rupprech/abcd-onesubject/sub-NDARINV2VY7YYNW/ses-baselineYear1Arm1/func/sub-NDARINV2VY7YYNW_ses-baselineYear1Arm1_task-rest_run-03_bold.nii', 'scan_parameters': {'EchoTime': 0.03, 'FlipAngle': 52.0, 'RepetitionTime': 0.8, 'TaskName': \"b'rest'\", 'registration_matrix_T1': [[0.9975787311026656, -0.00039385853349085584, -0.06954388950109636, 2.5427616230733006], [-0.005554781604944987, 0.9963377512970775, -0.08532388155944741, -17.617207609820525], [0.0693228069207997, 0.08550358112452774, 0.9939233286777647, 9.429133818673339], [0.0, 0.0, 0.0, 1.0]]}}, 'rest_run-04': {'scan': '/ocean/projects/med220004p/rupprech/abcd-onesubject/sub-NDARINV2VY7YYNW/ses-baselineYear1Arm1/func/sub-NDARINV2VY7YYNW_ses-baselineYear1Arm1_task-rest_run-04_bold.nii', 'scan_parameters': {'EchoTime': 0.03, 'FlipAngle': 52.0, 'RepetitionTime': 0.8, 'TaskName': \"b'rest'\", 'registration_matrix_T1': [[0.9975787311026656, -0.00039385853349085584, -0.06954388950109636, 2.5427616230733006], [-0.005554781604944987, 0.9963377512970775, -0.08532388155944741, -17.617207609820525], [0.0693228069207997, 0.08550358112452774, 0.9939233286777647, 9.429133818673339], [0.0, 0.0, 0.0, 1.0]]}}}}, 'check_for_s3': {'function_str': 'CPAC.utils.datasource.check_for_s3', 'img_type': 'func'}, 'outputspec': {'magnitude': '[Undefined]', 'phase_diff': '[Undefined]'}, 'select_scan_params': {'function_str': 'CPAC.utils.datasource.get_rest', 'resource': 'scan_parameters', 'rest_dict': {'rest_run-01': {'scan': '/ocean/projects/med220004p/rupprech/abcd-onesubject/sub-NDARINV2VY7YYNW/ses-baselineYear1Arm1/func/sub-NDARINV2VY7YYNW_ses-baselineYear1Arm1_task-rest_run-01_bold.nii', 'scan_parameters': {'EchoTime': 0.03, 'FlipAngle': 52.0, 'RepetitionTime': 0.8, 'TaskName': \"b'rest'\", 'registration_matrix_T1': [[0.9975787311026656, -0.00039385853349085584, -0.06954388950109636, 2.5427616230733006], [-0.005554781604944987, 0.9963377512970775, -0.08532388155944741, -17.617207609820525], [0.0693228069207997, 0.08550358112452774, 0.9939233286777647, 9.429133818673339], [0.0, 0.0, 0.0, 1.0]]}}, 'rest_run-02': {'scan': '/ocean/projects/med220004p/rupprech/abcd-onesubject/sub-NDARINV2VY7YYNW/ses-baselineYear1Arm1/func/sub-NDARINV2VY7YYNW_ses-baselineYear1Arm1_task-rest_run-02_bold.nii', 'scan_parameters': {'EchoTime': 0.03, 'FlipAngle': 52.0, 'RepetitionTime': 0.8, 'TaskName': \"b'rest'\", 'registration_matrix_T1': [[0.9975787311026656, -0.00039385853349085584, -0.06954388950109636, 2.5427616230733006], [-0.005554781604944987, 0.9963377512970775, -0.08532388155944741, -17.617207609820525], [0.0693228069207997, 0.08550358112452774, 0.9939233286777647, 9.429133818673339], [0.0, 0.0, 0.0, 1.0]]}}, 'rest_run-03': {'scan': '/ocean/projects/med220004p/rupprech/abcd-onesubject/sub-NDARINV2VY7YYNW/ses-baselineYear1Arm1/func/sub-NDARINV2VY7YYNW_ses-baselineYear1Arm1_task-rest_run-03_bold.nii', 'scan_parameters': {'EchoTime': 0.03, 'FlipAngle': 52.0, 'RepetitionTime': 0.8, 'TaskName': \"b'rest'\", 'registration_matrix_T1': [[0.9975787311026656, -0.00039385853349085584, -0.06954388950109636, 2.5427616230733006], [-0.005554781604944987, 0.9963377512970775, -0.08532388155944741, -17.617207609820525], [0.0693228069207997, 0.08550358112452774, 0.9939233286777647, 9.429133818673339], [0.0, 0.0, 0.0, 1.0]]}}, 'rest_run-04': {'scan': '/ocean/projects/med220004p/rupprech/abcd-onesubject/sub-NDARINV2VY7YYNW/ses-baselineYear1Arm1/func/sub-NDARINV2VY7YYNW_ses-baselineYear1Arm1_task-rest_run-04_bold.nii', 'scan_parameters': {'EchoTime': 0.03, 'FlipAngle': 52.0, 'RepetitionTime': 0.8, 'TaskName': \"b'rest'\", 'registration_matrix_T1': [[0.9975787311026656, -0.00039385853349085584, -0.06954388950109636, 2.5427616230733006], [-0.005554781604944987, 0.9963377512970775, -0.08532388155944741, -17.617207609820525], [0.0693228069207997, 0.08550358112452774, 0.9939233286777647, 9.429133818673339], [0.0, 0.0, 0.0, 1.0]]}}}}, 's3_scan_params': {'function_str': 'CPAC.utils.datasource.check_for_s3', 'img_type': '[Undefined]'}}",
      "bold_scan_params_sub-NDARINV2VY7YYNW_ses-baselineYear1Arm1": "{'function_str': 'def get_scan_params(subject_id, scan, pipeconfig_start_indx,\\n                    pipeconfig_stop_indx, data_config_scan_params=None):\\n    \"\"\"\\n    Method to extract slice timing correction parameters\\n    and scan parameters.\\n\\n    Parameters\\n    ----------\\n    subject_id : str\\n        subject id\\n    scan : str\\n        scan id\\n    pipeconfig_start_indx : int\\n        starting volume index as provided in the pipeline config yaml file\\n    pipeconfig_stop_indx : int\\n        ending volume index as provided in the pipeline config yaml file\\n    data_config_scan_params : str\\n        file path to scan parameter JSON file listed in data config yaml file\\n\\n    Returns\\n    -------\\n    TR : a string\\n        TR value\\n    pattern : a string\\n        slice aquisition pattern string or file path\\n    ref_slice : an integer\\n        reference slice which is used to allign all other slices\\n    first_tr : an integer\\n        starting TR or starting volume index\\n    last_tr : an integer\\n        ending TR or ending volume index\\n    pe_direction : str\\n    effective_echo_spacing : float\\n    \"\"\"\\n\\n    import os\\n    import json\\n    import warnings\\n\\n    check2 = lambda val: val if val == None or val == \\'\\' or \\\\\\n                                isinstance(val, str) else int(val)\\n\\n    # initialize vars to empty\\n    TR = \\'\\'\\n    TE = None\\n    pattern = \\'\\'\\n    ref_slice = \\'\\'\\n    first_tr = \\'\\'\\n    last_tr = \\'\\'\\n    unit = \\'s\\'\\n    pe_direction = \\'\\'\\n    effective_echo_spacing = None\\n    template = None\\n\\n    if isinstance(pipeconfig_stop_indx, str):\\n        if \"End\" in pipeconfig_stop_indx or \"end\" in pipeconfig_stop_indx:\\n            pipeconfig_stop_indx = None\\n    if data_config_scan_params:\\n        if \".json\" in data_config_scan_params:\\n            if not os.path.exists(data_config_scan_params):\\n                err = \"\\\\n[!] WARNING: Scan parameters JSON file listed in \" \\\\\\n                      \"your data configuration file does not exist:\\\\n{0}\" \\\\\\n                      \"\\\\n\\\\n\".format(data_config_scan_params)\\n                raise Exception(err)\\n\\n            with open(data_config_scan_params, \"r\") as f:\\n                params_dct = json.load(f)\\n\\n            # get details from the configuration\\n            # if this is a JSON file, the key values are the BIDS format\\n            # standard\\n            # TODO: better handling of errant key values!!!\\n            if \"RepetitionTime\" in params_dct.keys():\\n                TR = float(check(params_dct, subject_id, scan,\\n                                 \"RepetitionTime\", False))\\n            if \"SliceTiming\" in params_dct.keys():\\n                pattern = str(check(params_dct, subject_id, scan,\\n                                    \"SliceTiming\", False))\\n            elif \"SliceAcquisitionOrder\" in params_dct.keys():\\n                pattern = str(check(params_dct, subject_id, scan,\\n                                    \"SliceAcquisitionOrder\", False))\\n            if \"PhaseEncodingDirection\" in params_dct.keys():\\n                pe_direction = str(check(params_dct, subject_id, scan,\\n                                         \"PhaseEncodingDirection\", False))\\n            try:\\n                \"EffectiveEchoSpacing\" in params_dct.keys()\\n                effective_echo_spacing = float(\\n                        check(params_dct, subject_id, scan,\\n                            \"EffectiveEchoSpacing\", False))\\n            except TypeError:\\n                pass\\n\\n        elif len(data_config_scan_params) > 0 and \\\\\\n                isinstance(data_config_scan_params, dict):\\n\\n            params_dct = data_config_scan_params\\n\\n            # TODO: better handling of errant key values!!!\\n            # TODO: use schema validator to deal with it\\n            # get details from the configuration\\n            try: \\n                TR = float(\\n                    try_fetch_parameter(\\n                        params_dct,\\n                        subject_id,\\n                        scan,\\n                        [\\'TR\\', \\'RepetitionTime\\']\\n                    )\\n                )\\n            except TypeError:\\n                TR = None\\n\\n            try: \\n                template = str(\\n                    try_fetch_parameter(\\n                        params_dct,\\n                        subject_id,\\n                        scan,\\n                        [\\'Template\\', \\'template\\']\\n                    )\\n                )\\n            except TypeError:\\n                template = None\\n\\n            pattern = str(\\n                try_fetch_parameter(\\n                    params_dct,\\n                    subject_id,\\n                    scan,\\n                    [\\'acquisition\\', \\'SliceTiming\\', \\'SliceAcquisitionOrder\\']\\n                )\\n            )\\n\\n            ref_slice = check(params_dct, subject_id, scan, \\'reference\\',\\n                              False)\\n            if ref_slice:\\n                ref_slice = int(ref_slice)\\n\\n            first_tr = check(params_dct, subject_id, scan, \\'first_TR\\', False)\\n            if first_tr:\\n                first_tr = check2(first_tr)\\n\\n            last_tr = check(params_dct, subject_id, scan, \\'last_TR\\', False)\\n            if last_tr:\\n                last_tr = check2(last_tr)\\n\\n            pe_direction = check(params_dct, subject_id, scan,\\n                                 \\'PhaseEncodingDirection\\', False)\\n            try:\\n                effective_echo_spacing = float(\\n                try_fetch_parameter(params_dct, subject_id, scan,\\n                                    [\"EffectiveEchoSpacing\"]))\\n            except TypeError:\\n                pass\\n\\n        else:\\n            err = \"\\\\n\\\\n[!] Could not read the format of the scan parameters \" \\\\\\n                  \"information included in the data configuration file for \" \\\\\\n                  f\"the participant {subject_id}.\\\\n\\\\n\"\\n            raise Exception(err)\\n    if first_tr == \\'\\' or first_tr is None:\\n        first_tr = pipeconfig_start_indx\\n\\n    if last_tr == \\'\\' or last_tr is None:\\n        last_tr = pipeconfig_stop_indx\\n\\n    unit = \\'s\\'\\n\\n    if \\'None\\' in pattern or \\'none\\' in pattern:\\n        pattern = None\\n\\n    \\'\\'\\'\\n    if not pattern:\\n        if pipeconfig_tpattern:\\n            if \"Use NIFTI Header\" in pipeconfig_tpattern:\\n                pattern = \\'\\'\\n            else:\\n                pattern = pipeconfig_tpattern\\n    \\'\\'\\'\\n\\n    # pattern can be one of a few keywords, a filename, or blank which\\n    # indicates that the images header information should be used\\n    tpattern_file = None\\n\\n    valid_patterns = [\\'alt+z\\', \\'altplus\\', \\'alt+z2\\', \\'alt-z\\', \\'altminus\\',\\n                      \\'alt-z2\\', \\'seq+z\\', \\'seqplus\\', \\'seq-z\\', \\'seqminus\\']\\n    if pattern and pattern != \\'\\' and pattern not in valid_patterns:\\n\\n        if isinstance(pattern, list) or \\\\\\n                (\"[\" in pattern and \"]\" in pattern and \",\" in pattern):\\n            # if we got the slice timing as a list, from a BIDS-format scan\\n            # parameters JSON file\\n\\n            if not isinstance(pattern, list):\\n                pattern = pattern.replace(\"[\", \"\").replace(\"]\", \"\").split(\",\")\\n\\n            slice_timings = [float(x) for x in pattern]\\n\\n            # write out a tpattern file for AFNI 3dTShift\\n            tpattern_file = os.path.join(os.getcwd(), \"tpattern.txt\")\\n            try:\\n                with open(tpattern_file, \"wt\") as f:\\n                    for time in slice_timings:\\n                        f.write(\"{0}\\\\n\".format(time).replace(\" \", \"\"))\\n            except:\\n                err = \"\\\\n[!] Could not write the slice timing file meant as \" \\\\\\n                      \"an input for AFNI 3dTshift (slice timing correction):\" \\\\\\n                      \"\\\\n{0}\\\\n\\\\n\".format(tpattern_file)\\n                raise Exception(err)\\n\\n        elif \".txt\" in pattern and not os.path.exists(pattern):\\n            # if the user provided an acquisition pattern text file for\\n            # 3dTshift\\n            raise Exception(\"Invalid Pattern file path {0}, Please provide \"\\n                            \"the correct path\".format(pattern))\\n        elif \".txt\" in pattern:\\n            with open(pattern, \"r\") as f:\\n                lines = f.readlines()\\n            if len(lines) < 2:\\n                raise Exception(\\'Invalid slice timing file format. The file \\'\\n                                \\'should contain only one value per row. Use \\'\\n                                \\'new line char as delimiter\\')\\n            tpattern_file = pattern\\n            slice_timings = [float(l.rstrip(\\'\\\\r\\\\n\\')) for l in lines]\\n        else:\\n            # this only happens if there is a non-path string set in the data\\n            # config dictionary for acquisition pattern (like \"alt+z\"), except\\n            # the pattern is not listed in that list\\n            err = \"\\\\n[!] The slice timing acquisition pattern provided is \" \\\\\\n                  \"not supported by AFNI 3dTshift:\\\\n\" \\\\\\n                  \"{0}\\\\n\".format(str(pattern))\\n            raise Exception(err)\\n\\n        pattern = tpattern_file\\n\\n        slice_timings.sort()\\n        max_slice_offset = slice_timings[-1]\\n\\n        # checking if the unit of TR and slice timing match or not\\n        # if slice timing in ms convert TR to ms as well\\n        if TR and max_slice_offset > TR:\\n            warnings.warn(\"TR is in seconds and slice timings are in \"\\n                          \"milliseconds. Converting TR into milliseconds\")\\n            TR = TR * 1000\\n            print(\"New TR value {0} ms\".format(TR))\\n            unit = \\'ms\\'\\n\\n    else:\\n        # check to see, if TR is in milliseconds, convert it into seconds\\n        if TR and TR > 10:\\n            warnings.warn(\\'TR is in milliseconds, Converting it into seconds\\')\\n            TR = TR / 1000.0\\n            print(\"New TR value {0} s\".format(TR))\\n            unit = \\'s\\'\\n\\n    # swap back in\\n    if TR:\\n        tr = \"{0}{1}\".format(str(TR), unit)\\n    else:\\n        tr = \"\"\\n\\n    tpattern = pattern\\n    start_indx = first_tr\\n    stop_indx = last_tr\\n\\n    return (tr if tr else None,\\n            tpattern if tpattern else None,\\n            template if template else None,\\n            ref_slice,\\n            start_indx,\\n            stop_indx,\\n            pe_direction,\\n            effective_echo_spacing)\\n', 'pipeconfig_start_indx': 0, 'pipeconfig_stop_indx': None, 'pipeconfig_tpattern': '[Undefined]', 'pipeconfig_tr': '[Undefined]', 'subject_id': 'sub-NDARINV2VY7YYNW'}",
      "anat_T1w_gather_sub-NDARINV2VY7YYNW_ses-baselineYear1Arm1": "{'inputnode': {'anat': '/ocean/projects/med220004p/rupprech/abcd-onesubject/sub-NDARINV2VY7YYNW/ses-baselineYear1Arm1/anat/sub-NDARINV2VY7YYNW_ses-baselineYear1Arm1_run-01_T1w.nii', 'creds_path': None, 'dl_dir': '/ocean/projects/med220004p/rupprech/ecpac_runs/all_test/fmriprep-options/sub-NDARINV2VY7YYNW/output/working/pipeline_cpac_fmriprep-options', 'img_type': 'anat', 'subject': 'sub-NDARINV2VY7YYNW'}, 'check_for_s3': {'function_str': 'CPAC.utils.datasource.check_for_s3'}, 'outputspec': {}}",
      "anat_deoblique_0": "{'args': '[Undefined]', 'atrcopy': '[Undefined]', 'atrfloat': '[Undefined]', 'atrint': '[Undefined]', 'atrstring': '[Undefined]', 'deoblique': True, 'duporigin_file': '[Undefined]', 'environ': {}, 'nosaveatr': '[Undefined]', 'saveatr': '[Undefined]', 'space': '[Undefined]', 'xdel': '[Undefined]', 'xorigin': '[Undefined]', 'xyzscale': '[Undefined]', 'ydel': '[Undefined]', 'yorigin': '[Undefined]', 'zdel': '[Undefined]', 'zorigin': '[Undefined]'}",
      "anat_reorient_0": "{'args': '[Undefined]', 'environ': {}, 'master': '[Undefined]', 'num_threads': 1, 'orientation': 'RPI', 'out_file': '[Undefined]', 'outputtype': 'NIFTI_GZ', 'resample_mode': '[Undefined]', 'voxel_size': '[Undefined]'}",
      "anat_skullstrip_ants": "{'inputnode': {'in_files': '[Undefined]', 'in_mask': '/ants_template/oasis/T_template0_BrainCerebellumRegistrationMask.nii.gz'}, 'truncate_images_': {'args': '[Undefined]', 'dimension': 3, 'environ': {'NSLOTS': '1'}, 'num_threads': 1, 'op2': '0.01 0.999 256', 'operation': 'TruncateImageIntensity', 'output_image': '[Undefined]'}, 'copy_xform': {}, 'inu_n4_final_': {'args': '[Undefined]', 'bias_image': '[Undefined]', 'bspline_fitting_distance': 200.0, 'bspline_order': '[Undefined]', 'convergence_threshold': 1e-07, 'copy_header': True, 'dimension': 3, 'environ': {'NSLOTS': '1'}, 'histogram_sharpening': '[Undefined]', 'mask_image': '[Undefined]', 'n_iterations': [50, 50, 50, 50, 50], 'num_threads': 1, 'output_image': '[Undefined]', 'rescale_intensities': False, 'save_bias': True, 'shrink_factor': 4}, 'init_aff': {'args': '[Undefined]', 'convergence': <generator object _serialize_inout.<locals>.<genexpr> at 0x155374c50270>, 'dimension': 3, 'environ': {'NSLOTS': '1'}, 'metric': <generator object _serialize_inout.<locals>.<genexpr> at 0x155374c50040>, 'moving_image_mask': '[Undefined]', 'num_threads': 1, 'output_transform': 'initialization.mat', 'principal_axes': False, 'search_factor': <generator object _serialize_inout.<locals>.<genexpr> at 0x155374ab9fc0>, 'search_grid': <generator object _serialize_inout.<locals>.<genexpr> at 0x155374abaff0>, 'transform': <generator object _serialize_inout.<locals>.<genexpr> at 0x155374aba570>, 'verbose': True}, 'norm': {'args': '[Undefined]', 'collapse_output_transforms': True, 'convergence_threshold': [1e-08, 1e-08, 1e-09], 'convergence_window_size': [10, 10, 15], 'dimension': 3, 'environ': {'NSLOTS': '1'}, 'fixed_image_mask': '[Undefined]', 'float': True, 'initial_moving_transform_com': '[Undefined]', 'initialize_transforms_per_stage': False, 'interpolation': 'LanczosWindowedSinc', 'interpolation_parameters': '[Undefined]', 'invert_initial_moving_transform': '[Undefined]', 'metric': ['MI', 'MI', ['CC', 'CC']], 'metric_item_trait': '[Undefined]', 'metric_stage_trait': '[Undefined]', 'metric_weight': [1.0, 1.0, [0.5, 0.5]], 'metric_weight_item_trait': 1.0, 'metric_weight_stage_trait': '[Undefined]', 'moving_image_mask': '[Undefined]', 'moving_image_masks': '[Undefined]', 'num_threads': 1, 'number_of_iterations': [[1000, 500, 250, 100], [1000, 500, 250, 100], [50, 10, 0]], 'output_inverse_warped_image': '[Undefined]', 'output_transform_prefix': 'anat_to_template', 'output_warped_image': True, 'radius_bins_item_trait': 5, 'radius_bins_stage_trait': '[Undefined]', 'radius_or_number_of_bins': [32, 32, [4, 4]], 'random_seed': '[Undefined]', 'restore_state': '[Undefined]', 'restrict_deformation': '[Undefined]', 'sampling_percentage': [0.25, 0.25, [1.0, 1.0]], 'sampling_percentage_item_trait': '[Undefined]', 'sampling_percentage_stage_trait': '[Undefined]', 'sampling_strategy': ['Regular', 'Regular', ['None', 'None']], 'sampling_strategy_item_trait': '[Undefined]', 'sampling_strategy_stage_trait': '[Undefined]', 'save_state': '[Undefined]', 'shrink_factors': [[8, 4, 2, 1], [8, 4, 2, 1], [4, 2, 1]], 'sigma_units': ['vox', 'vox', 'vox'], 'smoothing_sigmas': [[4.0, 2.0, 1.0, 0.0], [4.0, 2.0, 1.0, 0.0], [2.0, 1.0, 0.0]], 'transform_parameters': [<generator object _serialize_inout.<locals>.<genexpr> at 0x155374abb060>, <generator object _serialize_inout.<locals>.<genexpr> at 0x155374abaea0>, <generator object _serialize_inout.<locals>.<genexpr> at 0x155374abb0d0>], 'transforms': ['Rigid', 'Affine', 'SyN'], 'use_estimate_learning_rate_once': '[Undefined]', 'use_histogram_matching': True, 'verbose': True, 'winsorize_lower_quantile': 0.025, 'winsorize_upper_quantile': 0.975, 'write_composite_transform': False}, 'map_brainmask': {'args': '[Undefined]', 'default_value': 0.0, 'dimension': '[Undefined]', 'environ': {'NSLOTS': '1'}, 'float': True, 'input_image': '/ants_template/oasis/T_template0_BrainCerebellumProbabilityMask.nii.gz', 'input_image_type': '[Undefined]', 'interpolation': 'Gaussian', 'interpolation_parameters': '[Undefined]', 'num_threads': 1, 'out_postfix': '_trans', 'output_image': '[Undefined]', 'print_out_composite_warp_file': '[Undefined]'}, 'inu_n4_': {'args': '[Undefined]', 'bias_image': '[Undefined]', 'bspline_fitting_distance': 200.0, 'bspline_order': '[Undefined]', 'convergence_threshold': 1e-07, 'copy_header': True, 'dimension': 3, 'environ': {'NSLOTS': '1'}, 'histogram_sharpening': '[Undefined]', 'mask_image': '[Undefined]', 'n_iterations': [50, 50, 50, 50], 'num_threads': 1, 'output_image': '[Undefined]', 'rescale_intensities': False, 'save_bias': False, 'shrink_factor': 4, 'weight_image': '[Undefined]'}, 'res_target': {'addvox': '[Undefined]', 'apply_smoothing': True, 'args': '[Undefined]', 'dimension': 3, 'environ': {'NSLOTS': '1'}, 'nn_interp': '[Undefined]', 'num_threads': 1, 'out_spacing': <generator object _serialize_inout.<locals>.<genexpr> at 0x155374aba650>, 'output_image': '[Undefined]'}, 'res_tmpl': {'addvox': '[Undefined]', 'apply_smoothing': True, 'args': '[Undefined]', 'dimension': 3, 'environ': {'NSLOTS': '1'}, 'input_image': '/ants_template/oasis/T_template0.nii.gz', 'nn_interp': '[Undefined]', 'num_threads': 1, 'out_spacing': <generator object _serialize_inout.<locals>.<genexpr> at 0x155374abb610>, 'output_image': '[Undefined]'}, 'thr_brainmask': {'args': '[Undefined]', 'dimension': 3, 'environ': {'NSLOTS': '1'}, 'input_mask': '[Undefined]', 'inside_value': 1.0, 'mode': '[Undefined]', 'num_threads': 1, 'num_thresholds': '[Undefined]', 'output_image': '[Undefined]', 'outside_value': 0.0, 'th_high': 1.0, 'th_low': 0.5}, 'dil_brainmask': {'args': '[Undefined]', 'dimension': 3, 'environ': {'NSLOTS': '1'}, 'num_threads': 1, 'op2': '2', 'operation': 'MD', 'output_image': '[Undefined]'}, 'get_brainmask': {'args': '[Undefined]', 'dimension': 3, 'environ': {'NSLOTS': '1'}, 'num_threads': 1, 'op2': '[Undefined]', 'operation': 'GetLargestComponent', 'output_image': '[Undefined]'}, 'apply_mask_': {'args': '[Undefined]', 'environ': {'FSLOUTPUTTYPE': 'NIFTI_GZ'}, 'internal_datatype': '[Undefined]', 'nan2zeros': '[Undefined]', 'out_file': '[Undefined]', 'output_datatype': '[Undefined]', 'output_type': 'NIFTI_GZ'}, 'outputnode': {}, 'lap_target': {'args': '[Undefined]', 'dimension': 3, 'environ': {'NSLOTS': '1'}, 'num_threads': 1, 'op2': '1.5 1', 'operation': 'Laplacian', 'output_image': '[Undefined]'}, 'lap_tmpl': {'args': '[Undefined]', 'dimension': 3, 'environ': {'NSLOTS': '1'}, 'num_threads': 1, 'op1': '/ants_template/oasis/T_template0.nii.gz', 'op2': '1.5 1', 'operation': 'Laplacian', 'output_image': '[Undefined]'}, 'mrg_tmpl': {'axis': 'vstack', 'in1': '/ants_template/oasis/T_template0.nii.gz', 'no_flatten': False, 'ravel_inputs': False}, 'mrg_target': {'axis': 'vstack', 'no_flatten': False, 'ravel_inputs': False}, 'atropos_wf': {'inputnode': {'in_files': '[Undefined]', 'in_mask': '[Undefined]', 'in_mask_dilated': '[Undefined]'}, 'copy_xform': {}, '03_pad_mask': {'args': '[Undefined]', 'dimension': 3, 'environ': {'NSLOTS': '1'}, 'num_threads': 1, 'op2': '10', 'operation': 'PadImage', 'output_image': '[Undefined]'}, '01_atropos': {'args': '[Undefined]', 'convergence_threshold': 0.0, 'dimension': 3, 'environ': {'NSLOTS': '1'}, 'icm_use_synchronous_update': '[Undefined]', 'initialization': 'KMeans', 'kmeans_init_centers': '[Undefined]', 'likelihood_model': 'Gaussian', 'maximum_number_of_icm_terations': '[Undefined]', 'mrf_radius': [1, 1, 1], 'mrf_smoothing_factor': 0.1, 'n_iterations': 3, 'num_threads': 1, 'number_of_tissue_classes': 3, 'out_classified_image_name': '[Undefined]', 'output_posteriors_name_template': 'POSTERIOR_%02d.nii.gz', 'posterior_formulation': '[Undefined]', 'prior_image': '[Undefined]', 'prior_probability_threshold': '[Undefined]', 'prior_weighting': '[Undefined]', 'save_posteriors': '[Undefined]', 'use_mixture_model_proportions': '[Undefined]', 'use_random_seed': True}, 'msk_conform': {'function_str': 'def _conform_mask(in_mask, in_reference):\\n    \"\"\"Ensures the mask headers make sense and match those of the T1w\"\"\"\\n    from pathlib import Path\\n    import nibabel as nb\\n    from nipype.utils.filemanip import fname_presuffix\\n\\n    ref = nb.load(in_reference)\\n    nii = nb.load(in_mask)\\n    hdr = nii.header.copy()\\n    hdr.set_data_dtype(\\'int16\\')\\n    hdr.set_slope_inter(1, 0)\\n\\n    qform, qcode = ref.header.get_qform(coded=True)\\n    if qcode is not None:\\n        hdr.set_qform(qform, int(qcode))\\n\\n    sform, scode = ref.header.get_sform(coded=True)\\n    if scode is not None:\\n        hdr.set_sform(sform, int(scode))\\n\\n    if \\'_maths\\' in in_mask:  # Cut the name at first _maths occurrence\\n        ext = \\'\\'.join(Path(in_mask).suffixes)\\n        basename = Path(in_mask).name\\n        in_mask = basename.split(\\'_maths\\')[0] + ext\\n\\n    out_file = fname_presuffix(in_mask, suffix=\\'_mask\\',\\n                               newpath=str(Path()))\\n    nii.__class__(nii.get_fdata().astype(\\'int16\\'), ref.affine,\\n                  hdr).to_filename(out_file)\\n    return out_file\\n'}, '02_pad_segm': {'args': '[Undefined]', 'dimension': 3, 'environ': {'NSLOTS': '1'}, 'num_threads': 1, 'op2': '10', 'operation': 'PadImage', 'output_image': '[Undefined]'}, '04_sel_labels': {'function_str': \"def _select_labels(in_segm, labels):\\n    from os import getcwd\\n    import numpy as np\\n    import nibabel as nb\\n    from nipype.utils.filemanip import fname_presuffix\\n\\n    out_files = []\\n\\n    cwd = getcwd()\\n    nii = nb.load(in_segm)\\n    for l in labels:\\n        data = (nii.get_fdata() == l).astype(np.uint8)\\n        newnii = nii.__class__(data, nii.affine, nii.header)\\n        newnii.set_data_dtype('uint8')\\n        out_file = fname_presuffix(in_segm, suffix='_class-%02d' % l,\\n                                   newpath=cwd)\\n        newnii.to_filename(out_file)\\n        out_files.append(out_file)\\n    return out_files\\n\", 'labels': [3, 2, 1]}, '05_get_wm': {'args': '[Undefined]', 'dimension': 3, 'environ': {'NSLOTS': '1'}, 'num_threads': 1, 'op2': '[Undefined]', 'operation': 'GetLargestComponent', 'output_image': '[Undefined]'}, '06_get_gm': {'args': '[Undefined]', 'dimension': 3, 'environ': {'NSLOTS': '1'}, 'num_threads': 1, 'op2': '[Undefined]', 'operation': 'GetLargestComponent', 'output_image': '[Undefined]'}, '07_fill_gm': {'args': '[Undefined]', 'dimension': 3, 'environ': {'NSLOTS': '1'}, 'num_threads': 1, 'op2': '2', 'operation': 'FillHoles', 'output_image': '[Undefined]'}, '08_mult_gm': {'args': '[Undefined]', 'dimension': 3, 'environ': {'NSLOTS': '1'}, 'num_threads': 1, 'output_product_image': '08_mult_gm.nii.gz'}, '09_relabel_wm': {'args': '[Undefined]', 'dimension': 3, 'environ': {'NSLOTS': '1'}, 'num_threads': 1, 'output_product_image': '09_relabel_wm.nii.gz', 'second_input': 3.0}, '10_me_csf': {'args': '[Undefined]', 'dimension': 3, 'environ': {'NSLOTS': '1'}, 'num_threads': 1, 'op2': '10', 'operation': 'ME', 'output_image': '[Undefined]'}, '11_add_gm': {'args': '[Undefined]', 'dimension': 3, 'environ': {'NSLOTS': '1'}, 'num_threads': 1, 'operation': 'addtozero', 'output_image': '[Undefined]'}, '12_relabel_gm': {'args': '[Undefined]', 'dimension': 3, 'environ': {'NSLOTS': '1'}, 'num_threads': 1, 'output_product_image': '12_relabel_gm.nii.gz', 'second_input': 2.0}, '13_add_gm_wm': {'args': '[Undefined]', 'dimension': 3, 'environ': {'NSLOTS': '1'}, 'num_threads': 1, 'operation': 'addtozero', 'output_image': '[Undefined]'}, '14_sel_labels2': {'function_str': \"def _select_labels(in_segm, labels):\\n    from os import getcwd\\n    import numpy as np\\n    import nibabel as nb\\n    from nipype.utils.filemanip import fname_presuffix\\n\\n    out_files = []\\n\\n    cwd = getcwd()\\n    nii = nb.load(in_segm)\\n    for l in labels:\\n        data = (nii.get_fdata() == l).astype(np.uint8)\\n        newnii = nii.__class__(data, nii.affine, nii.header)\\n        newnii.set_data_dtype('uint8')\\n        out_file = fname_presuffix(in_segm, suffix='_class-%02d' % l,\\n                                   newpath=cwd)\\n        newnii.to_filename(out_file)\\n        out_files.append(out_file)\\n    return out_files\\n\", 'labels': [2, 3]}, '15_add_7': {'args': '[Undefined]', 'dimension': 3, 'environ': {'NSLOTS': '1'}, 'num_threads': 1, 'operation': 'addtozero', 'output_image': '[Undefined]'}, '16_me_7': {'args': '[Undefined]', 'dimension': 3, 'environ': {'NSLOTS': '1'}, 'num_threads': 1, 'op2': '2', 'operation': 'ME', 'output_image': '[Undefined]'}, '17_comp_7': {'args': '[Undefined]', 'dimension': 3, 'environ': {'NSLOTS': '1'}, 'num_threads': 1, 'op2': '[Undefined]', 'operation': 'GetLargestComponent', 'output_image': '[Undefined]'}, '18_md_7': {'args': '[Undefined]', 'dimension': 3, 'environ': {'NSLOTS': '1'}, 'num_threads': 1, 'op2': '4', 'operation': 'MD', 'output_image': '[Undefined]'}, '19_fill_7': {'args': '[Undefined]', 'dimension': 3, 'environ': {'NSLOTS': '1'}, 'num_threads': 1, 'op2': '2', 'operation': 'FillHoles', 'output_image': '[Undefined]'}, '20_add_7_2': {'args': '[Undefined]', 'dimension': 3, 'environ': {'NSLOTS': '1'}, 'num_threads': 1, 'operation': 'addtozero', 'output_image': '[Undefined]'}, '21_md_7_2': {'args': '[Undefined]', 'dimension': 3, 'environ': {'NSLOTS': '1'}, 'num_threads': 1, 'op2': '5', 'operation': 'MD', 'output_image': '[Undefined]'}, '22_me_7_2': {'args': '[Undefined]', 'dimension': 3, 'environ': {'NSLOTS': '1'}, 'num_threads': 1, 'op2': '5', 'operation': 'ME', 'output_image': '[Undefined]'}, '23_depad_mask': {'args': '[Undefined]', 'dimension': 3, 'environ': {'NSLOTS': '1'}, 'num_threads': 1, 'op2': '-10', 'operation': 'PadImage', 'output_image': '[Undefined]'}, '24_depad_segm': {'args': '[Undefined]', 'dimension': 3, 'environ': {'NSLOTS': '1'}, 'num_threads': 1, 'op2': '-10', 'operation': 'PadImage', 'output_image': '[Undefined]'}, '26_depad_wm': {'args': '[Undefined]', 'dimension': 3, 'environ': {'NSLOTS': '1'}, 'num_threads': 1, 'op2': '-10', 'operation': 'PadImage', 'output_image': '[Undefined]'}, '25_depad_gm': {'args': '[Undefined]', 'dimension': 3, 'environ': {'NSLOTS': '1'}, 'num_threads': 1, 'op2': '-10', 'operation': 'PadImage', 'output_image': '[Undefined]'}, '27_depad_csf': {'args': '[Undefined]', 'dimension': 3, 'environ': {'NSLOTS': '1'}, 'num_threads': 1, 'op2': '-10', 'operation': 'PadImage', 'output_image': '[Undefined]'}, 'merge_tpms': {'axis': 'vstack', 'no_flatten': False, 'ravel_inputs': False}, 'outputnode': {}}, 'sel_wm': {'index': [2]}}",
      "brain_extraction_34": "{'args': '[Undefined]', 'environ': {}, 'expr': 'a*step(b)', 'in_file_c': '[Undefined]', 'num_threads': 1, 'other': '[Undefined]', 'out_file': '[Undefined]', 'outputtype': 'NIFTI_GZ', 'overwrite': '[Undefined]', 'single_idx': '[Undefined]', 'start_idx': '[Undefined]', 'stop_idx': '[Undefined]'}",
